YargerLab 43	
	
	
cm-1	A
4500	0
4499	0
4498	0
4497	-0.0001
4496	-0.0001
4495	-0.0001
4494	-0.0001
4493	-0.0001
4492	-0.0001
4491	-0.0001
4490	-0.0001
4489	-0.0001
4488	-0.0001
4487	0
4486	0
4485	0
4484	0
4483	0
4482	0
4481	0
4480	-0.0001
4479	-0.0001
4478	-0.0001
4477	-0.0002
4476	-0.0002
4475	-0.0002
4474	-0.0001
4473	-0.0001
4472	-0.0001
4471	0
4470	-0.0001
4469	-0.0001
4468	-0.0001
4467	0
4466	0
4465	0
4464	0
4463	0
4462	-0.0001
4461	-0.0001
4460	-0.0001
4459	-0.0001
4458	-0.0001
4457	0
4456	0
4455	0
4454	0
4453	0
4452	0
4451	0
4450	0
4449	0
4448	0
4447	0
4446	0
4445	0
4444	0
4443	0
4442	0
4441	0
4440	-0.0001
4439	-0.0001
4438	-0.0001
4437	-0.0001
4436	-0.0001
4435	-0.0001
4434	-0.0001
4433	-0.0001
4432	0
4431	0
4430	0
4429	0
4428	0
4427	0
4426	-0.0001
4425	-0.0001
4424	-0.0001
4423	0
4422	0
4421	0
4420	0
4419	0
4418	0
4417	0
4416	0
4415	0
4414	-0.0001
4413	-0.0001
4412	-0.0001
4411	-0.0001
4410	-0.0001
4409	-0.0001
4408	-0.0001
4407	0
4406	0
4405	0
4404	0
4403	0
4402	0
4401	0
4400	0
4399	0
4398	0
4397	0
4396	0
4395	0
4394	0
4393	0
4392	0
4391	0
4390	0
4389	-0.0001
4388	-0.0001
4387	-0.0001
4386	-0.0002
4385	-0.0002
4384	-0.0002
4383	-0.0001
4382	-0.0001
4381	0
4380	0
4379	0.0001
4378	0.0001
4377	0.0001
4376	0
4375	0
4374	-0.0001
4373	-0.0001
4372	-0.0001
4371	-0.0001
4370	0
4369	0
4368	0
4367	-0.0001
4366	-0.0001
4365	-0.0001
4364	-0.0001
4363	-0.0001
4362	-0.0001
4361	0
4360	0
4359	0
4358	0
4357	0
4356	0
4355	0
4354	0
4353	0
4352	0
4351	0
4350	0
4349	0
4348	0
4347	0
4346	0
4345	0
4344	0
4343	0
4342	0
4341	0
4340	0
4339	0
4338	0
4337	0
4336	0
4335	0
4334	0
4333	0
4332	0
4331	-0.0001
4330	-0.0001
4329	-0.0001
4328	-0.0001
4327	0
4326	0
4325	0
4324	0
4323	0
4322	0
4321	0
4320	-0.0001
4319	-0.0001
4318	0
4317	0
4316	0
4315	0
4314	0
4313	0
4312	0
4311	-0.0001
4310	-0.0001
4309	-0.0001
4308	-0.0001
4307	-0.0001
4306	-0.0001
4305	-0.0001
4304	-0.0001
4303	0
4302	0
4301	0
4300	0
4299	0
4298	-0.0001
4297	-0.0001
4296	-0.0001
4295	-0.0001
4294	-0.0001
4293	-0.0001
4292	-0.0001
4291	-0.0001
4290	-0.0001
4289	-0.0001
4288	-0.0001
4287	-0.0001
4286	-0.0001
4285	-0.0001
4284	-0.0001
4283	-0.0001
4282	0
4281	0
4280	0
4279	0
4278	0
4277	-0.0001
4276	-0.0001
4275	-0.0002
4274	-0.0002
4273	-0.0001
4272	-0.0001
4271	-0.0001
4270	0
4269	0
4268	0
4267	0
4266	0
4265	0
4264	0
4263	0
4262	0
4261	0
4260	0
4259	0
4258	0
4257	-0.0001
4256	-0.0001
4255	-0.0001
4254	-0.0001
4253	-0.0001
4252	-0.0001
4251	-0.0001
4250	0
4249	0
4248	0
4247	0
4246	0
4245	-0.0001
4244	-0.0001
4243	-0.0001
4242	-0.0001
4241	-0.0001
4240	-0.0001
4239	-0.0001
4238	-0.0001
4237	-0.0001
4236	0
4235	0
4234	0.0001
4233	0
4232	0
4231	0
4230	0
4229	0
4228	0
4227	0
4226	0
4225	0.0001
4224	0.0001
4223	0
4222	0
4221	0
4220	0
4219	0
4218	0
4217	0
4216	-0.0001
4215	-0.0001
4214	-0.0001
4213	-0.0002
4212	-0.0002
4211	-0.0002
4210	-0.0002
4209	-0.0001
4208	-0.0001
4207	-0.0001
4206	-0.0001
4205	-0.0001
4204	-0.0001
4203	-0.0001
4202	-0.0001
4201	-0.0001
4200	-0.0001
4199	0
4198	0
4197	0
4196	0
4195	0
4194	0
4193	0
4192	0
4191	0
4190	0
4189	0
4188	0
4187	0
4186	0
4185	-0.0001
4184	-0.0001
4183	-0.0001
4182	-0.0001
4181	-0.0001
4180	0
4179	0
4178	0
4177	0
4176	0
4175	0
4174	0
4173	0
4172	0
4171	0
4170	0
4169	0
4168	-0.0001
4167	-0.0001
4166	-0.0001
4165	-0.0001
4164	-0.0001
4163	-0.0001
4162	-0.0001
4161	-0.0001
4160	0
4159	0
4158	0
4157	0
4156	0
4155	0
4154	0
4153	0
4152	0
4151	0
4150	0
4149	0
4148	0
4147	0
4146	0
4145	0
4144	0
4143	-0.0001
4142	-0.0001
4141	0
4140	0
4139	0
4138	0
4137	0
4136	-0.0001
4135	-0.0001
4134	-0.0001
4133	-0.0001
4132	-0.0001
4131	-0.0001
4130	-0.0001
4129	-0.0001
4128	-0.0001
4127	0
4126	0
4125	0
4124	0
4123	0
4122	0
4121	0
4120	0
4119	-0.0001
4118	-0.0001
4117	-0.0001
4116	-0.0001
4115	-0.0001
4114	-0.0001
4113	-0.0001
4112	-0.0001
4111	-0.0001
4110	0
4109	0
4108	0
4107	0
4106	0
4105	-0.0001
4104	-0.0001
4103	-0.0001
4102	0
4101	0
4100	0
4099	0
4098	0
4097	-0.0001
4096	-0.0001
4095	-0.0001
4094	0
4093	0
4092	0
4091	0
4090	0
4089	0
4088	0
4087	0
4086	0
4085	-0.0001
4084	-0.0001
4083	-0.0001
4082	-0.0001
4081	-0.0001
4080	-0.0001
4079	-0.0001
4078	-0.0001
4077	-0.0001
4076	-0.0001
4075	-0.0001
4074	-0.0001
4073	-0.0001
4072	-0.0001
4071	-0.0001
4070	-0.0001
4069	-0.0001
4068	-0.0001
4067	-0.0001
4066	-0.0001
4065	-0.0001
4064	-0.0001
4063	-0.0001
4062	-0.0001
4061	-0.0001
4060	-0.0001
4059	0
4058	0
4057	0
4056	0.0001
4055	0.0001
4054	0
4053	0
4052	0
4051	0
4050	0
4049	0
4048	0
4047	0
4046	0
4045	0
4044	0
4043	0
4042	0.0001
4041	0.0001
4040	0
4039	0
4038	0
4037	0
4036	-0.0001
4035	0
4034	0
4033	0
4032	0
4031	0
4030	-0.0001
4029	-0.0001
4028	-0.0001
4027	-0.0001
4026	0
4025	0
4024	0
4023	0
4022	0
4021	0
4020	0
4019	0
4018	-0.0001
4017	-0.0001
4016	-0.0001
4015	-0.0002
4014	-0.0002
4013	-0.0002
4012	-0.0001
4011	-0.0001
4010	-0.0001
4009	-0.0001
4008	0
4007	0
4006	0
4005	0
4004	0
4003	0
4002	0
4001	-0.0001
4000	-0.0001
3999	-0.0001
3998	-0.0001
3997	-0.0001
3996	-0.0001
3995	-0.0001
3994	-0.0001
3993	-0.0001
3992	-0.0001
3991	-0.0001
3990	-0.0001
3989	-0.0001
3988	-0.0001
3987	0
3986	0
3985	0
3984	0
3983	0
3982	0
3981	0
3980	0
3979	0
3978	0
3977	0
3976	0
3975	0
3974	-0.0001
3973	-0.0001
3972	-0.0001
3971	-0.0001
3970	-0.0001
3969	-0.0001
3968	-0.0001
3967	-0.0001
3966	-0.0002
3965	-0.0002
3964	-0.0001
3963	-0.0001
3962	-0.0001
3961	-0.0001
3960	-0.0001
3959	-0.0001
3958	-0.0001
3957	-0.0001
3956	-0.0001
3955	-0.0001
3954	-0.0001
3953	0
3952	0
3951	0
3950	0
3949	0
3948	0
3947	0
3946	0
3945	0
3944	0
3943	0
3942	-0.0001
3941	-0.0001
3940	-0.0001
3939	-0.0001
3938	-0.0001
3937	0
3936	0
3935	0
3934	0
3933	0
3932	0
3931	-0.0001
3930	0
3929	0
3928	-0.0001
3927	-0.0001
3926	-0.0001
3925	-0.0001
3924	-0.0001
3923	-0.0001
3922	-0.0001
3921	0
3920	0
3919	0
3918	0
3917	0
3916	-0.0001
3915	-0.0001
3914	-0.0001
3913	-0.0001
3912	-0.0001
3911	-0.0001
3910	-0.0001
3909	-0.0001
3908	-0.0001
3907	-0.0001
3906	-0.0001
3905	0
3904	0
3903	-0.0001
3902	-0.0001
3901	-0.0001
3900	-0.0002
3899	-0.0002
3898	-0.0001
3897	-0.0001
3896	-0.0001
3895	-0.0001
3894	0
3893	0
3892	0
3891	0
3890	0
3889	-0.0001
3888	-0.0001
3887	-0.0001
3886	-0.0001
3885	-0.0001
3884	-0.0001
3883	-0.0001
3882	-0.0001
3881	0
3880	0
3879	0
3878	0
3877	0
3876	0
3875	0
3874	0
3873	0
3872	0
3871	0
3870	0
3869	0
3868	-0.0001
3867	-0.0001
3866	-0.0001
3865	-0.0001
3864	-0.0001
3863	-0.0001
3862	0
3861	0
3860	0
3859	0
3858	0
3857	0
3856	0
3855	0
3854	0
3853	-0.0001
3852	-0.0001
3851	-0.0001
3850	-0.0001
3849	-0.0001
3848	-0.0001
3847	-0.0001
3846	-0.0001
3845	0
3844	0
3843	0.0001
3842	0.0001
3841	0.0001
3840	0.0001
3839	0.0001
3838	0
3837	0
3836	0
3835	0
3834	0
3833	0
3832	0
3831	0
3830	0
3829	0
3828	0
3827	0
3826	0
3825	0
3824	0
3823	0
3822	0
3821	0
3820	0
3819	0
3818	0
3817	0.0001
3816	0.0001
3815	0.0001
3814	0
3813	0
3812	0
3811	0
3810	0
3809	0
3808	0
3807	0.0001
3806	0.0001
3805	0.0001
3804	0.0001
3803	0.0001
3802	0.0001
3801	0.0001
3800	0.0001
3799	0
3798	0
3797	0
3796	0
3795	0
3794	0
3793	0
3792	0
3791	0
3790	0
3789	0
3788	0
3787	0
3786	-0.0001
3785	-0.0001
3784	-0.0001
3783	-0.0001
3782	-0.0001
3781	-0.0001
3780	0
3779	0
3778	0
3777	0
3776	0
3775	0
3774	0
3773	0
3772	0
3771	0
3770	0
3769	0
3768	0
3767	-0.0001
3766	-0.0001
3765	-0.0002
3764	-0.0002
3763	-0.0001
3762	-0.0001
3761	-0.0001
3760	0
3759	0
3758	0
3757	0.0001
3756	0.0001
3755	0.0001
3754	0.0001
3753	0.0002
3752	0.0002
3751	0.0002
3750	0.0002
3749	0.0002
3748	0.0002
3747	0.0001
3746	0.0001
3745	0
3744	0
3743	-0.0001
3742	-0.0001
3741	-0.0001
3740	0
3739	0
3738	0
3737	0.0001
3736	0.0001
3735	0.0001
3734	0.0001
3733	0.0001
3732	0.0001
3731	0.0001
3730	0
3729	0
3728	0
3727	0
3726	0
3725	0
3724	0
3723	0
3722	0
3721	-0.0001
3720	-0.0001
3719	-0.0001
3718	-0.0001
3717	-0.0001
3716	-0.0001
3715	-0.0001
3714	-0.0001
3713	0
3712	0
3711	0
3710	0
3709	0.0001
3708	0.0001
3707	0.0001
3706	0
3705	0
3704	-0.0001
3703	-0.0001
3702	-0.0001
3701	0
3700	0
3699	0
3698	0
3697	0
3696	0
3695	0
3694	0
3693	0
3692	0.0001
3691	0.0001
3690	0.0001
3689	0
3688	0
3687	0
3686	0
3685	0
3684	0
3683	0
3682	0
3681	0.0001
3680	0.0001
3679	0.0001
3678	0
3677	0
3676	0
3675	0
3674	0.0001
3673	0.0001
3672	0.0001
3671	0.0001
3670	0.0001
3669	0
3668	0
3667	0
3666	0
3665	0
3664	0
3663	0
3662	-0.0001
3661	-0.0001
3660	-0.0001
3659	-0.0001
3658	-0.0001
3657	-0.0001
3656	-0.0001
3655	-0.0001
3654	-0.0001
3653	0
3652	0
3651	0
3650	-0.0001
3649	-0.0001
3648	-0.0001
3647	0
3646	0
3645	0
3644	0.0001
3643	0
3642	0
3641	0
3640	0
3639	0
3638	0
3637	0
3636	0
3635	0
3634	-0.0001
3633	-0.0001
3632	-0.0001
3631	-0.0001
3630	-0.0001
3629	-0.0001
3628	0
3627	0
3626	0
3625	0
3624	0
3623	0
3622	0
3621	0
3620	0
3619	0
3618	0
3617	-0.0001
3616	-0.0001
3615	-0.0001
3614	-0.0001
3613	-0.0001
3612	-0.0001
3611	0
3610	0
3609	0
3608	0
3607	0
3606	0
3605	0
3604	0
3603	0
3602	0
3601	0
3600	0
3599	-0.0001
3598	-0.0001
3597	-0.0001
3596	-0.0001
3595	-0.0001
3594	-0.0001
3593	0
3592	0
3591	0
3590	0
3589	0
3588	0
3587	0
3586	0
3585	0
3584	0
3583	0
3582	0
3581	0
3580	0
3579	0
3578	0
3577	0
3576	0.0001
3575	0
3574	0
3573	0
3572	0
3571	0
3570	-0.0001
3569	-0.0001
3568	-0.0001
3567	-0.0002
3566	-0.0002
3565	-0.0001
3564	-0.0001
3563	-0.0001
3562	0
3561	0
3560	0
3559	0
3558	0
3557	0
3556	0
3555	-0.0001
3554	-0.0001
3553	-0.0001
3552	-0.0001
3551	-0.0001
3550	0
3549	0
3548	0
3547	0
3546	0
3545	-0.0001
3544	0
3543	0
3542	0
3541	0
3540	0.0001
3539	0.0001
3538	0
3537	0
3536	0
3535	0
3534	0
3533	0
3532	0
3531	0
3530	0
3529	0
3528	0
3527	0
3526	0
3525	0
3524	0
3523	0
3522	-0.0001
3521	-0.0001
3520	-0.0001
3519	-0.0001
3518	-0.0001
3517	-0.0001
3516	-0.0001
3515	0
3514	0
3513	0
3512	0
3511	0
3510	0
3509	0
3508	-0.0001
3507	-0.0001
3506	-0.0001
3505	-0.0001
3504	-0.0001
3503	-0.0001
3502	-0.0001
3501	0
3500	0
3499	0
3498	0.0001
3497	0.0001
3496	0
3495	0
3494	0
3493	0
3492	-0.0001
3491	-0.0001
3490	-0.0001
3489	0
3488	0
3487	0
3486	0
3485	0
3484	0
3483	0
3482	0
3481	0
3480	-0.0001
3479	-0.0001
3478	-0.0001
3477	-0.0001
3476	-0.0001
3475	-0.0001
3474	-0.0001
3473	-0.0001
3472	-0.0001
3471	-0.0001
3470	0
3469	0
3468	0
3467	0
3466	0
3465	0
3464	0
3463	0
3462	-0.0001
3461	-0.0001
3460	-0.0001
3459	-0.0001
3458	0
3457	0
3456	0
3455	-0.0001
3454	-0.0001
3453	-0.0001
3452	0
3451	0
3450	0
3449	0
3448	0
3447	0
3446	0
3445	0
3444	0
3443	0
3442	0
3441	0
3440	0
3439	0
3438	0
3437	0
3436	-0.0001
3435	-0.0001
3434	-0.0001
3433	-0.0001
3432	0
3431	0
3430	0
3429	0
3428	0
3427	0
3426	0
3425	0
3424	0
3423	0
3422	0
3421	0
3420	0
3419	-0.0001
3418	-0.0001
3417	0
3416	0
3415	0
3414	0
3413	-0.0001
3412	-0.0001
3411	-0.0001
3410	-0.0001
3409	-0.0001
3408	0
3407	0
3406	0
3405	0
3404	0
3403	0
3402	-0.0001
3401	-0.0001
3400	0
3399	0
3398	0
3397	0
3396	0
3395	0
3394	0
3393	0
3392	0
3391	0
3390	-0.0001
3389	-0.0001
3388	-0.0001
3387	0
3386	0
3385	0
3384	0
3383	0
3382	0
3381	0
3380	0
3379	0
3378	0
3377	0
3376	0
3375	0
3374	0
3373	0
3372	0
3371	0.0001
3370	0
3369	0
3368	0
3367	0
3366	0
3365	0
3364	0
3363	0
3362	0
3361	0
3360	0
3359	0
3358	0
3357	0
3356	0
3355	0
3354	-0.0001
3353	-0.0001
3352	-0.0001
3351	-0.0001
3350	-0.0001
3349	0
3348	0
3347	0
3346	0
3345	0
3344	0
3343	0
3342	0
3341	0
3340	0
3339	0
3338	-0.0001
3337	0
3336	0
3335	0
3334	0
3333	0
3332	-0.0001
3331	-0.0001
3330	-0.0001
3329	-0.0001
3328	-0.0001
3327	0
3326	0
3325	-0.0001
3324	-0.0001
3323	-0.0001
3322	-0.0001
3321	0
3320	0
3319	0
3318	0
3317	0
3316	0
3315	-0.0001
3314	-0.0001
3313	-0.0001
3312	-0.0001
3311	-0.0001
3310	-0.0001
3309	-0.0001
3308	0
3307	0
3306	0
3305	0
3304	0
3303	0
3302	0
3301	0
3300	0
3299	0
3298	0
3297	0.0001
3296	0.0001
3295	0.0001
3294	0
3293	0
3292	0
3291	0
3290	-0.0001
3289	-0.0001
3288	-0.0001
3287	-0.0001
3286	-0.0001
3285	-0.0001
3284	0
3283	0
3282	0.0001
3281	0.0001
3280	0.0001
3279	0.0001
3278	0.0001
3277	0
3276	0
3275	0
3274	0
3273	0
3272	0
3271	0
3270	0
3269	0
3268	0
3267	0
3266	0
3265	0
3264	0
3263	0
3262	0
3261	0
3260	0
3259	0
3258	0
3257	-0.0001
3256	-0.0001
3255	-0.0001
3254	-0.0001
3253	0
3252	0
3251	0
3250	0
3249	-0.0001
3248	-0.0001
3247	-0.0001
3246	-0.0001
3245	-0.0001
3244	0
3243	0
3242	0
3241	0
3240	0
3239	0
3238	0
3237	0
3236	0
3235	0
3234	0
3233	0
3232	0
3231	0
3230	0
3229	0
3228	0
3227	0.0001
3226	0.0001
3225	0.0001
3224	0
3223	0
3222	0
3221	0
3220	0
3219	0
3218	0
3217	0
3216	0
3215	0
3214	0
3213	0
3212	-0.0001
3211	-0.0001
3210	-0.0001
3209	-0.0001
3208	0
3207	0
3206	0
3205	0
3204	0
3203	-0.0001
3202	-0.0001
3201	-0.0001
3200	-0.0001
3199	-0.0001
3198	0
3197	0
3196	0
3195	0
3194	0
3193	0
3192	0
3191	0
3190	0
3189	0
3188	0
3187	0
3186	0
3185	-0.0001
3184	-0.0001
3183	-0.0001
3182	-0.0001
3181	-0.0001
3180	-0.0001
3179	-0.0001
3178	-0.0001
3177	-0.0001
3176	-0.0001
3175	-0.0001
3174	-0.0001
3173	-0.0001
3172	0
3171	0
3170	0
3169	0
3168	0
3167	0
3166	0
3165	-0.0001
3164	-0.0001
3163	-0.0001
3162	-0.0001
3161	-0.0001
3160	-0.0001
3159	0
3158	0
3157	0
3156	0
3155	0
3154	0
3153	0
3152	0
3151	0
3150	0
3149	0
3148	0
3147	-0.0001
3146	0
3145	0
3144	0
3143	0
3142	0.0001
3141	0.0001
3140	0.0001
3139	0.0001
3138	0
3137	0
3136	0.0001
3135	0.0001
3134	0.0001
3133	0
3132	0
3131	0
3130	-0.0001
3129	-0.0001
3128	-0.0001
3127	0
3126	0
3125	0
3124	0
3123	0
3122	0
3121	0
3120	0
3119	0
3118	0
3117	0
3116	0
3115	0
3114	0
3113	0
3112	0
3111	0
3110	0
3109	0
3108	-0.0001
3107	-0.0001
3106	-0.0001
3105	-0.0001
3104	0
3103	0
3102	0
3101	0
3100	0.0001
3099	0.0001
3098	0
3097	0
3096	0
3095	0
3094	0
3093	0
3092	0
3091	0
3090	0
3089	0
3088	0
3087	0
3086	0
3085	0
3084	0
3083	0
3082	0
3081	0
3080	0
3079	0
3078	0
3077	0
3076	0
3075	0
3074	0
3073	0
3072	0
3071	-0.0001
3070	-0.0001
3069	0
3068	0
3067	0
3066	0
3065	0
3064	0
3063	0
3062	0
3061	0
3060	0
3059	0
3058	0
3057	0
3056	0
3055	0
3054	0
3053	0
3052	0
3051	0
3050	0
3049	0
3048	0
3047	0
3046	0
3045	-0.0001
3044	-0.0001
3043	-0.0001
3042	-0.0001
3041	-0.0001
3040	-0.0001
3039	-0.0001
3038	-0.0001
3037	-0.0001
3036	-0.0001
3035	-0.0001
3034	0
3033	0
3032	0
3031	0
3030	0
3029	0
3028	0
3027	0
3026	0
3025	0
3024	0
3023	0
3022	0
3021	-0.0001
3020	-0.0001
3019	-0.0001
3018	-0.0001
3017	-0.0001
3016	0
3015	0
3014	0
3013	0
3012	-0.0001
3011	-0.0001
3010	-0.0001
3009	-0.0001
3008	-0.0001
3007	-0.0001
3006	-0.0001
3005	-0.0001
3004	-0.0001
3003	-0.0001
3002	-0.0001
3001	-0.0001
3000	-0.0001
2999	-0.0001
2998	-0.0001
2997	-0.0001
2996	-0.0001
2995	-0.0001
2994	-0.0001
2993	0
2992	0
2991	0
2990	0
2989	0
2988	0
2987	0
2986	0
2985	-0.0001
2984	-0.0001
2983	-0.0001
2982	-0.0001
2981	-0.0001
2980	-0.0001
2979	0
2978	0
2977	0
2976	0
2975	0
2974	-0.0001
2973	-0.0001
2972	-0.0001
2971	-0.0001
2970	-0.0001
2969	-0.0001
2968	-0.0001
2967	-0.0001
2966	-0.0001
2965	-0.0001
2964	0
2963	0
2962	0
2961	0
2960	0
2959	-0.0001
2958	-0.0001
2957	-0.0001
2956	-0.0001
2955	0
2954	0
2953	0
2952	0
2951	-0.0001
2950	-0.0001
2949	-0.0001
2948	-0.0001
2947	0
2946	0
2945	0
2944	0
2943	0.0001
2942	0.0001
2941	0
2940	0
2939	0
2938	0
2937	0
2936	0
2935	0
2934	0
2933	0
2932	-0.0001
2931	-0.0001
2930	-0.0001
2929	0
2928	0
2927	0.0001
2926	0.0001
2925	0.0001
2924	0.0001
2923	0
2922	0
2921	0
2920	0
2919	0
2918	0
2917	0
2916	0
2915	0
2914	0
2913	0
2912	0
2911	0
2910	0
2909	0
2908	0
2907	0
2906	0
2905	0
2904	0
2903	0
2902	0
2901	0
2900	0
2899	0
2898	-0.0001
2897	-0.0001
2896	-0.0001
2895	-0.0001
2894	-0.0001
2893	-0.0001
2892	-0.0001
2891	-0.0001
2890	-0.0001
2889	-0.0001
2888	-0.0001
2887	-0.0001
2886	-0.0001
2885	0
2884	0
2883	0
2882	0
2881	0
2880	0
2879	0
2878	0
2877	0
2876	0
2875	0
2874	0
2873	0
2872	0
2871	0
2870	0
2869	0
2868	0
2867	0
2866	0
2865	0
2864	0
2863	0
2862	0
2861	0
2860	0
2859	0
2858	0
2857	0
2856	0
2855	0
2854	0
2853	0
2852	0
2851	0
2850	0
2849	0
2848	0
2847	0
2846	0
2845	0
2844	0
2843	0
2842	0
2841	0
2840	0
2839	0
2838	0
2837	0
2836	0
2835	0
2834	0
2833	0
2832	0
2831	0
2830	0
2829	0
2828	0
2827	-0.0001
2826	-0.0001
2825	-0.0001
2824	0
2823	0
2822	0
2821	0
2820	0
2819	0
2818	0
2817	0
2816	0
2815	0
2814	0
2813	0
2812	0
2811	0
2810	0
2809	0
2808	0
2807	0
2806	0
2805	0
2804	0
2803	-0.0001
2802	-0.0001
2801	-0.0001
2800	-0.0001
2799	0
2798	0
2797	0
2796	0
2795	0
2794	0
2793	0
2792	0
2791	0
2790	0
2789	0
2788	0
2787	0
2786	0
2785	0
2784	0
2783	0
2782	0
2781	0
2780	0
2779	-0.0001
2778	-0.0001
2777	-0.0001
2776	-0.0001
2775	0
2774	0
2773	0
2772	0
2771	0
2770	0
2769	0
2768	0
2767	0
2766	0
2765	0
2764	0
2763	0
2762	0
2761	0
2760	0
2759	0
2758	0
2757	0
2756	-0.0001
2755	-0.0001
2754	-0.0001
2753	-0.0001
2752	-0.0001
2751	0
2750	0
2749	0
2748	0
2747	0
2746	0
2745	0
2744	0
2743	0
2742	0
2741	0
2740	0
2739	0
2738	0
2737	0
2736	0
2735	0
2734	0
2733	0
2732	0
2731	0
2730	0
2729	0
2728	0
2727	0
2726	-0.0001
2725	-0.0001
2724	0
2723	0
2722	0
2721	0
2720	0
2719	0
2718	0
2717	0
2716	0
2715	0
2714	0
2713	0
2712	0
2711	0
2710	0
2709	0
2708	0
2707	0
2706	0
2705	0
2704	0
2703	0
2702	0
2701	0
2700	0
2699	0
2698	0
2697	0
2696	0
2695	0
2694	0
2693	0
2692	0
2691	0
2690	0
2689	0
2688	0
2687	0
2686	0
2685	0
2684	0
2683	0
2682	0
2681	0
2680	0
2679	0
2678	0
2677	0
2676	0
2675	0
2674	0
2673	0
2672	0
2671	0
2670	0
2669	0
2668	0
2667	0
2666	0
2665	0
2664	0
2663	0
2662	0
2661	0
2660	0
2659	0
2658	0
2657	0
2656	0
2655	0
2654	0
2653	0
2652	0
2651	0
2650	0
2649	0
2648	0
2647	0
2646	0
2645	0
2644	0
2643	0.0001
2642	0.0001
2641	0.0001
2640	0.0001
2639	0.0001
2638	0
2637	0
2636	0
2635	-0.0001
2634	0
2633	0
2632	0
2631	0
2630	0
2629	0
2628	0
2627	0
2626	0
2625	0
2624	0
2623	0
2622	0
2621	0
2620	0
2619	0
2618	0
2617	0
2616	0
2615	0
2614	-0.0001
2613	-0.0001
2612	-0.0001
2611	-0.0001
2610	-0.0001
2609	-0.0001
2608	-0.0001
2607	0
2606	0
2605	0
2604	0
2603	0
2602	0
2601	0
2600	0.0001
2599	0
2598	0
2597	0
2596	-0.0001
2595	-0.0001
2594	-0.0001
2593	-0.0001
2592	0
2591	0
2590	0
2589	0
2588	0
2587	0
2586	0
2585	0
2584	0.0001
2583	0
2582	0
2581	-0.0001
2580	-0.0001
2579	-0.0001
2578	0
2577	0
2576	0
2575	0
2574	0
2573	0
2572	0
2571	0.0001
2570	0
2569	0
2568	0
2567	0
2566	-0.0001
2565	-0.0001
2564	-0.0001
2563	-0.0001
2562	-0.0001
2561	-0.0001
2560	-0.0001
2559	-0.0001
2558	0
2557	0
2556	0
2555	0.0001
2554	0.0001
2553	0
2552	0
2551	0
2550	-0.0001
2549	-0.0001
2548	0
2547	0
2546	0
2545	0
2544	0
2543	0
2542	0
2541	0
2540	0
2539	0
2538	0
2537	0
2536	0
2535	0
2534	0
2533	0
2532	0
2531	0
2530	0.0001
2529	0.0001
2528	0.0001
2527	0.0001
2526	0.0001
2525	0
2524	0
2523	0
2522	0
2521	0
2520	0
2519	0
2518	0.0001
2517	0.0001
2516	0.0001
2515	0
2514	0
2513	0
2512	0
2511	0
2510	0
2509	0
2508	0
2507	0
2506	0
2505	0
2504	0
2503	0
2502	0
2501	0
2500	0
2499	0
2498	0
2497	-0.0001
2496	-0.0001
2495	-0.0001
2494	-0.0001
2493	-0.0001
2492	0
2491	0
2490	0
2489	0
2488	0
2487	-0.0001
2486	-0.0001
2485	-0.0001
2484	0
2483	0
2482	0.0001
2481	0.0001
2480	0.0001
2479	0.0001
2478	0.0001
2477	0.0001
2476	0.0001
2475	0.0001
2474	0.0001
2473	0
2472	0
2471	0
2470	0
2469	0
2468	0
2467	0.0001
2466	0.0001
2465	0.0001
2464	0
2463	0
2462	0
2461	0
2460	0
2459	0
2458	0
2457	0
2456	0
2455	0
2454	0
2453	-0.0001
2452	-0.0001
2451	-0.0001
2450	-0.0001
2449	0
2448	0
2447	0
2446	0
2445	0
2444	0
2443	0.0001
2442	0
2441	0
2440	0
2439	0
2438	0
2437	0
2436	0
2435	0
2434	0
2433	0
2432	-0.0001
2431	-0.0001
2430	-0.0001
2429	0
2428	0
2427	0.0001
2426	0.0001
2425	0.0001
2424	0.0001
2423	0.0001
2422	0
2421	0
2420	0
2419	-0.0001
2418	-0.0001
2417	-0.0001
2416	0
2415	0
2414	0
2413	0.0001
2412	0
2411	0
2410	0
2409	-0.0001
2408	-0.0001
2407	-0.0001
2406	-0.0001
2405	-0.0001
2404	-0.0001
2403	-0.0001
2402	-0.0001
2401	0
2400	0
2399	0.0001
2398	0
2397	0
2396	0
2395	-0.0001
2394	-0.0001
2393	0
2392	0
2391	0
2390	0
2389	0
2388	0
2387	0
2386	0
2385	-0.0001
2384	0
2383	0
2382	0
2381	0
2380	0
2379	0
2378	0
2377	0
2376	0
2375	0
2374	0
2373	0
2372	0
2371	0
2370	-0.0001
2369	-0.0001
2368	-0.0001
2367	-0.0001
2366	0
2365	0
2364	0
2363	0
2362	0
2361	-0.0001
2360	0
2359	0
2358	0
2357	-0.0001
2356	-0.0001
2355	-0.0001
2354	-0.0001
2353	-0.0001
2352	-0.0001
2351	-0.0001
2350	-0.0001
2349	-0.0001
2348	0
2347	0
2346	0
2345	0
2344	-0.0001
2343	-0.0001
2342	-0.0001
2341	-0.0001
2340	-0.0001
2339	0
2338	0
2337	0
2336	-0.0001
2335	-0.0001
2334	-0.0001
2333	-0.0001
2332	-0.0001
2331	-0.0002
2330	-0.0002
2329	-0.0002
2328	-0.0002
2327	-0.0001
2326	-0.0001
2325	-0.0001
2324	-0.0001
2323	-0.0001
2322	-0.0001
2321	-0.0001
2320	-0.0001
2319	-0.0001
2318	-0.0001
2317	-0.0001
2316	-0.0001
2315	-0.0001
2314	-0.0001
2313	-0.0001
2312	-0.0001
2311	-0.0001
2310	0
2309	0
2308	0
2307	-0.0001
2306	-0.0001
2305	-0.0001
2304	0
2303	0
2302	0
2301	0
2300	0
2299	0
2298	0
2297	0
2296	-0.0001
2295	-0.0001
2294	-0.0001
2293	-0.0001
2292	-0.0001
2291	-0.0001
2290	0
2289	0
2288	0
2287	0
2286	0.0001
2285	0.0001
2284	0.0001
2283	0.0001
2282	0.0001
2281	0
2280	0
2279	0
2278	0
2277	0.0001
2276	0.0001
2275	0.0001
2274	0.0001
2273	0.0001
2272	0.0001
2271	0.0001
2270	0.0001
2269	0.0001
2268	0.0001
2267	0.0001
2266	0.0001
2265	0.0001
2264	0.0001
2263	0.0001
2262	0
2261	0
2260	0
2259	0
2258	0
2257	0
2256	-0.0001
2255	-0.0001
2254	-0.0002
2253	-0.0002
2252	-0.0002
2251	-0.0002
2250	-0.0001
2249	0
2248	0
2247	0.0001
2246	0.0001
2245	0.0001
2244	0.0001
2243	0.0001
2242	0.0001
2241	0.0001
2240	0.0002
2239	0.0002
2238	0.0001
2237	0
2236	-0.0001
2235	-0.0002
2234	-0.0002
2233	-0.0002
2232	-0.0002
2231	-0.0001
2230	0
2229	0
2228	0.0001
2227	0.0001
2226	0.0001
2225	0.0001
2224	0
2223	0
2222	0.0001
2221	0.0001
2220	0.0003
2219	0.0004
2218	0.0004
2217	0.0003
2216	0.0002
2215	0.0001
2214	0.0001
2213	0
2212	0.0001
2211	0.0002
2210	0.0002
2209	0.0002
2208	0.0002
2207	0.0001
2206	0.0001
2205	0
2204	-0.0001
2203	-0.0001
2202	-0.0002
2201	-0.0003
2200	-0.0003
2199	-0.0003
2198	-0.0003
2197	-0.0002
2196	-0.0002
2195	-0.0001
2194	-0.0001
2193	0
2192	0.0001
2191	0.0001
2190	-0.0001
2189	-0.0002
2188	-0.0002
2187	-0.0001
2186	0.0002
2185	0.0003
2184	0.0002
2183	0
2182	-0.0002
2181	-0.0003
2180	-0.0002
2179	0
2178	0.0003
2177	0.0004
2176	0.0003
2175	0.0003
2174	0.0003
2173	0.0003
2172	0.0004
2171	0.0004
2170	0.0003
2169	0.0003
2168	0.0003
2167	0.0003
2166	0.0003
2165	0.0002
2164	0.0001
2163	-0.0001
2162	-0.0003
2161	-0.0005
2160	-0.0007
2159	-0.0008
2158	-0.0008
2157	-0.0006
2156	-0.0004
2155	-0.0002
2154	-0.0001
2153	0
2152	0
2151	0.0001
2150	0.0002
2149	0.0002
2148	0.0002
2147	0.0002
2146	0.0001
2145	0
2144	-0.0001
2143	-0.0002
2142	-0.0001
2141	0
2140	0.0002
2139	0.0002
2138	0.0001
2137	0
2136	-0.0001
2135	-0.0002
2134	-0.0002
2133	-0.0002
2132	-0.0001
2131	-0.0001
2130	-0.0001
2129	0
2128	0
2127	0.0001
2126	0.0001
2125	0.0002
2124	0.0003
2123	0.0002
2122	0.0002
2121	0
2120	0
2119	-0.0001
2118	0
2117	0
2116	0
2115	0.0001
2114	0
2113	0
2112	0
2111	0
2110	0
2109	0
2108	-0.0001
2107	-0.0001
2106	-0.0001
2105	-0.0001
2104	-0.0001
2103	-0.0001
2102	-0.0001
2101	-0.0001
2100	-0.0001
2099	-0.0002
2098	-0.0003
2097	-0.0003
2096	-0.0003
2095	-0.0002
2094	-0.0002
2093	-0.0001
2092	0
2091	0
2090	0
2089	0
2088	0
2087	0
2086	0.0001
2085	0.0002
2084	0.0002
2083	0.0001
2082	0.0001
2081	0
2080	-0.0001
2079	-0.0001
2078	-0.0001
2077	-0.0001
2076	-0.0002
2075	-0.0002
2074	-0.0001
2073	0
2072	0
2071	0.0001
2070	0.0002
2069	0.0002
2068	0.0001
2067	0
2066	-0.0001
2065	-0.0001
2064	-0.0001
2063	-0.0001
2062	-0.0001
2061	-0.0002
2060	-0.0002
2059	-0.0001
2058	-0.0001
2057	-0.0002
2056	-0.0002
2055	-0.0003
2054	-0.0003
2053	-0.0004
2052	-0.0003
2051	-0.0002
2050	0
2049	0.0002
2048	0.0002
2047	0.0002
2046	0.0002
2045	0.0002
2044	0.0003
2043	0.0004
2042	0.0005
2041	0.0006
2040	0.0006
2039	0.0005
2038	0.0003
2037	0.0003
2036	0.0003
2035	0.0004
2034	0.0005
2033	0.0005
2032	0.0003
2031	0
2030	-0.0001
2029	-0.0002
2028	-0.0001
2027	0
2026	-0.0001
2025	-0.0003
2024	-0.0003
2023	-0.0002
2022	-0.0001
2021	-0.0001
2020	-0.0001
2019	0.0001
2018	0.0003
2017	0.0004
2016	0.0005
2015	0.0004
2014	0.0004
2013	0.0003
2012	0.0002
2011	0.0002
2010	0.0002
2009	0.0002
2008	0.0002
2007	0.0003
2006	0.0003
2005	0.0003
2004	0.0003
2003	0.0003
2002	0.0002
2001	0.0001
2000	0
1999	0
1998	0
1997	0.0001
1996	0.0002
1995	0.0001
1994	0
1993	-0.0001
1992	-0.0002
1991	-0.0001
1990	0
1989	0.0002
1988	0.0003
1987	0.0003
1986	0.0002
1985	-0.0001
1984	-0.0003
1983	-0.0004
1982	-0.0004
1981	-0.0003
1980	0
1979	0.0001
1978	0.0001
1977	-0.0001
1976	-0.0004
1975	-0.0004
1974	-0.0003
1973	0
1972	0.0002
1971	0.0003
1970	0.0003
1969	0.0002
1968	0.0001
1967	0
1966	0
1965	0
1964	0
1963	0.0001
1962	0.0002
1961	0.0003
1960	0.0002
1959	0
1958	-0.0002
1957	-0.0003
1956	-0.0004
1955	-0.0003
1954	-0.0002
1953	-0.0002
1952	-0.0001
1951	0
1950	0.0001
1949	0.0002
1948	0.0003
1947	0.0004
1946	0.0004
1945	0.0002
1944	0
1943	-0.0002
1942	-0.0003
1941	-0.0003
1940	-0.0002
1939	0
1938	0.0001
1937	0.0001
1936	0
1935	-0.0001
1934	-0.0002
1933	-0.0003
1932	-0.0003
1931	-0.0002
1930	-0.0002
1929	-0.0001
1928	-0.0001
1927	-0.0001
1926	-0.0001
1925	-0.0001
1924	-0.0001
1923	-0.0001
1922	-0.0001
1921	-0.0001
1920	-0.0001
1919	-0.0001
1918	0
1917	0.0001
1916	0.0001
1915	0.0001
1914	0.0001
1913	0.0001
1912	0.0001
1911	0.0001
1910	0.0002
1909	0.0002
1908	0.0002
1907	0.0001
1906	0
1905	-0.0001
1904	-0.0001
1903	-0.0001
1902	-0.0001
1901	-0.0001
1900	-0.0002
1899	-0.0001
1898	-0.0001
1897	0
1896	0
1895	0
1894	0
1893	0
1892	0
1891	0
1890	0
1889	0
1888	0
1887	0
1886	0
1885	0
1884	0
1883	0
1882	0
1881	-0.0001
1880	-0.0001
1879	0
1878	0
1877	0
1876	0
1875	0
1874	0
1873	0
1872	0.0001
1871	0.0001
1870	0.0001
1869	0
1868	-0.0001
1867	-0.0001
1866	0
1865	0
1864	0.0001
1863	0.0001
1862	0.0001
1861	0.0001
1860	0
1859	0
1858	0
1857	0
1856	0.0001
1855	0.0001
1854	0
1853	0
1852	-0.0001
1851	-0.0001
1850	-0.0001
1849	-0.0001
1848	-0.0001
1847	-0.0001
1846	0
1845	0
1844	0
1843	0
1842	0
1841	-0.0001
1840	0
1839	0
1838	0.0001
1837	0.0001
1836	0
1835	0
1834	-0.0001
1833	-0.0001
1832	-0.0002
1831	-0.0002
1830	-0.0001
1829	-0.0001
1828	0
1827	0
1826	0
1825	0
1824	0
1823	0
1822	0
1821	0
1820	0
1819	0
1818	0
1817	0
1816	0
1815	0
1814	0
1813	0
1812	0
1811	0
1810	0
1809	0
1808	0
1807	0
1806	0.0001
1805	0.0001
1804	0
1803	0
1802	0
1801	0
1800	0
1799	0
1798	0
1797	-0.0001
1796	-0.0001
1795	-0.0001
1794	-0.0001
1793	-0.0001
1792	-0.0001
1791	-0.0001
1790	0
1789	0
1788	0
1787	0
1786	0
1785	-0.0001
1784	-0.0001
1783	-0.0001
1782	0
1781	0
1780	0
1779	0
1778	0
1777	0
1776	0
1775	0
1774	0.0001
1773	0.0001
1772	0.0001
1771	0.0001
1770	0.0001
1769	0.0001
1768	0.0001
1767	0.0001
1766	0.0001
1765	0
1764	0
1763	0
1762	0
1761	0
1760	0
1759	0
1758	0
1757	-0.0001
1756	-0.0001
1755	-0.0001
1754	-0.0001
1753	0
1752	0
1751	-0.0001
1750	-0.0001
1749	-0.0001
1748	0
1747	0
1746	0
1745	0
1744	0
1743	0
1742	0
1741	0
1740	0
1739	0
1738	0
1737	0
1736	0
1735	-0.0001
1734	-0.0001
1733	-0.0001
1732	-0.0001
1731	-0.0001
1730	-0.0001
1729	0
1728	0
1727	-0.0001
1726	-0.0001
1725	-0.0001
1724	-0.0001
1723	-0.0001
1722	0
1721	0
1720	0
1719	-0.0001
1718	-0.0001
1717	0
1716	0
1715	0
1714	0
1713	-0.0001
1712	-0.0001
1711	-0.0001
1710	0
1709	0
1708	0
1707	0
1706	0
1705	0
1704	0
1703	0
1702	0
1701	0
1700	-0.0001
1699	-0.0001
1698	-0.0001
1697	0
1696	0
1695	-0.0001
1694	-0.0001
1693	-0.0001
1692	-0.0001
1691	-0.0001
1690	-0.0001
1689	-0.0001
1688	-0.0001
1687	-0.0001
1686	0
1685	0
1684	0
1683	-0.0001
1682	-0.0001
1681	-0.0001
1680	-0.0001
1679	0
1678	0
1677	0
1676	0
1675	0
1674	0
1673	0
1672	0
1671	-0.0001
1670	-0.0001
1669	0
1668	0
1667	0
1666	0
1665	0
1664	0
1663	0
1662	0
1661	0
1660	0
1659	0
1658	0
1657	0
1656	0
1655	0
1654	0
1653	0.0001
1652	0.0001
1651	0.0001
1650	0.0001
1649	0.0001
1648	0
1647	0
1646	0
1645	0
1644	0
1643	0
1642	0
1641	0
1640	0
1639	0
1638	0
1637	0
1636	-0.0001
1635	-0.0001
1634	-0.0001
1633	-0.0001
1632	-0.0001
1631	-0.0001
1630	-0.0001
1629	-0.0001
1628	-0.0001
1627	-0.0001
1626	0
1625	0
1624	0
1623	0.0001
1622	0.0001
1621	0.0001
1620	0.0001
1619	0.0001
1618	0.0001
1617	0
1616	0
1615	0
1614	0
1613	0
1612	-0.0001
1611	-0.0001
1610	-0.0001
1609	0
1608	0
1607	0
1606	0
1605	0
1604	0
1603	0
1602	0
1601	0
1600	0
1599	0
1598	0
1597	0
1596	0
1595	0
1594	0
1593	0
1592	0
1591	0
1590	0
1589	0
1588	0
1587	0
1586	0
1585	0
1584	0
1583	0
1582	0
1581	0.0001
1580	0
1579	0
1578	0
1577	-0.0001
1576	-0.0001
1575	0
1574	0
1573	0
1572	0
1571	0
1570	0
1569	0
1568	0
1567	0
1566	0
1565	0
1564	0
1563	0
1562	0
1561	0
1560	-0.0001
1559	-0.0002
1558	-0.0002
1557	-0.0002
1556	-0.0001
1555	0
1554	0
1553	0.0001
1552	0
1551	0
1550	0
1549	0
1548	0
1547	0
1546	0
1545	0
1544	0
1543	0
1542	0
1541	0
1540	0
1539	0
1538	0
1537	0
1536	0
1535	0
1534	0
1533	0
1532	0
1531	0
1530	0
1529	0
1528	0
1527	0
1526	0
1525	0
1524	0
1523	0
1522	0
1521	0
1520	0
1519	0
1518	0
1517	0
1516	0
1515	0
1514	0
1513	0
1512	0
1511	0
1510	0
1509	0
1508	0
1507	0
1506	0.0001
1505	0.0001
1504	0.0001
1503	0.0001
1502	0.0001
1501	0.0001
1500	0.0001
1499	0.0001
1498	0
1497	0
1496	0
1495	0
1494	0
1493	0
1492	0
1491	0
1490	0
1489	0
1488	0
1487	0
1486	0
1485	0
1484	0
1483	0
1482	0
1481	0
1480	0
1479	0
1478	0
1477	0
1476	0
1475	0
1474	0
1473	0
1472	0
1471	0
1470	0
1469	0
1468	0
1467	0
1466	0
1465	0
1464	0
1463	0
1462	0
1461	0
1460	0
1459	0
1458	0
1457	0
1456	0
1455	0
1454	0
1453	0
1452	0
1451	0
1450	0
1449	0
1448	0
1447	0
1446	0
1445	0
1444	0
1443	0
1442	0
1441	0
1440	0
1439	0
1438	0
1437	0
1436	0
1435	0
1434	0
1433	-0.0001
1432	-0.0001
1431	0
1430	0
1429	0
1428	0
1427	0
1426	0
1425	0
1424	0
1423	0
1422	0
1421	0.0001
1420	0
1419	0
1418	0
1417	0
1416	0
1415	0
1414	0
1413	0
1412	0
1411	0
1410	0
1409	0
1408	0
1407	0
1406	0
1405	0
1404	0
1403	0
1402	0
1401	0
1400	0
1399	0
1398	0
1397	0
1396	0
1395	0
1394	0
1393	0
1392	0
1391	0
1390	0
1389	0
1388	0
1387	0
1386	0
1385	0
1384	0
1383	0
1382	0
1381	0
1380	0
1379	0
1378	0
1377	0
1376	0
1375	0
1374	0
1373	0
1372	0
1371	0
1370	0
1369	0
1368	0
1367	0
1366	0
1365	0
1364	0
1363	0
1362	0
1361	0
1360	0
1359	0
1358	0
1357	0.0001
1356	0
1355	0
1354	0
1353	0
1352	0
1351	0
1350	0
1349	0
1348	0
1347	0
1346	0
1345	0
1344	0
1343	-0.0001
1342	-0.0001
1341	-0.0001
1340	-0.0001
1339	-0.0001
1338	-0.0001
1337	0
1336	0
1335	0
1334	0
1333	0
1332	0
1331	0
1330	0
1329	0
1328	0
1327	0
1326	0
1325	0
1324	0
1323	0
1322	0
1321	0
1320	0
1319	0
1318	0
1317	0
1316	0
1315	0
1314	0
1313	0
1312	0
1311	0
1310	0
1309	0
1308	0
1307	0
1306	0
1305	0
1304	0
1303	0
1302	0
1301	0
1300	0
1299	0
1298	0
1297	0
1296	0
1295	0
1294	0
1293	0
1292	0
1291	0
1290	0
1289	0
1288	0
1287	0
1286	0
1285	0
1284	0
1283	0
1282	0
1281	0
1280	0
1279	0
1278	0
1277	0.0001
1276	0
1275	0
1274	0
1273	0
1272	-0.0001
1271	0
1270	0
1269	0
1268	0
1267	0
1266	0
1265	0
1264	0
1263	0
1262	0
1261	0
1260	0
1259	0
1258	0
1257	0
1256	0
1255	0
1254	0
1253	0
1252	0
1251	0
1250	0
1249	0
1248	0
1247	0
1246	0
1245	0
1244	0
1243	0
1242	0.0001
1241	0.0001
1240	0.0001
1239	0
1238	0
1237	0
1236	0
1235	0
1234	0
1233	0
1232	0
1231	0
1230	0.0001
1229	0
1228	0
1227	0
1226	0
1225	0
1224	0
1223	0
1222	0
1221	0
1220	0
1219	0.0001
1218	0.0001
1217	0.0001
1216	0
1215	0
1214	0
1213	0
1212	0
1211	0
1210	0
1209	0
1208	0
1207	0
1206	0
1205	0
1204	0
1203	0
1202	0
1201	0
1200	0
1199	0
1198	0
1197	0
1196	0
1195	0
1194	0
1193	0
1192	0
1191	0
1190	0
1189	0
1188	-0.0001
1187	-0.0001
1186	-0.0001
1185	-0.0001
1184	0
1183	0
1182	0
1181	0
1180	0
1179	0
1178	0
1177	0
1176	0
1175	-0.0001
1174	0
1173	0
1172	0
1171	0
1170	0
1169	-0.0001
1168	-0.0001
1167	-0.0001
1166	-0.0001
1165	0
1164	0
1163	0
1162	0
1161	0
1160	0
1159	0
1158	0
1157	0
1156	0
1155	0
1154	0
1153	0
1152	0
1151	0
1150	0
1149	0
1148	0
1147	0
1146	0
1145	0
1144	-0.0001
1143	-0.0001
1142	-0.0001
1141	0
1140	0
1139	0
1138	0.0001
1137	0.0001
1136	0.0001
1135	0.0001
1134	0.0001
1133	0.0001
1132	0
1131	0
1130	0
1129	0
1128	0
1127	0
1126	0
1125	0
1124	0
1123	0
1122	0
1121	0
1120	0
1119	0
1118	0
1117	0
1116	0
1115	0
1114	0
1113	0
1112	0
1111	0
1110	0
1109	0
1108	0
1107	0
1106	0
1105	0
1104	-0.0001
1103	-0.0001
1102	0
1101	0
1100	0
1099	0
1098	0.0001
1097	0.0001
1096	0
1095	0.0001
1094	0.0001
1093	0.0001
1092	0.0001
1091	0
1090	0.0001
1089	0.0001
1088	0
1087	0
1086	0
1085	0
1084	0
1083	0
1082	0
1081	0
1080	0
1079	0
1078	0
1077	0
1076	0
1075	-0.0001
1074	0
1073	0
1072	0
1071	-0.0001
1070	-0.0001
1069	-0.0001
1068	-0.0001
1067	-0.0001
1066	-0.0001
1065	-0.0001
1064	-0.0001
1063	-0.0001
1062	0
1061	0.0001
1060	0.0001
1059	0.0001
1058	0.0001
1057	0
1056	0
1055	0
1054	0
1053	0.0001
1052	0.0001
1051	0.0001
1050	0.0001
1049	0.0001
1048	0.0001
1047	0
1046	0
1045	0
1044	0
1043	0.0001
1042	0.0001
1041	0.0001
1040	0.0001
1039	0
1038	0
1037	0
1036	0.0001
1035	0.0001
1034	0.0002
1033	0.0001
1032	0.0001
1031	0.0001
1030	0
1029	0
1028	0
1027	0
1026	0
1025	0
1024	0
1023	0
1022	0
1021	0
1020	0
1019	0
1018	0
1017	0
1016	0
1015	0
1014	0
1013	0
1012	0
1011	0
1010	0
1009	0.0001
1008	0.0001
1007	0
1006	0
1005	0
1004	-0.0001
1003	-0.0001
1002	-0.0001
1001	0
1000	-0.0001
999	0
998	0
997	0
996	0
995	0
994	0
993	0
992	0
991	0
990	0.0001
989	0.0001
988	0.0001
987	0
986	0
985	0
984	-0.0001
983	-0.0001
982	0
981	0
980	0.0001
979	0.0001
978	0.0001
977	0.0001
976	0
975	0
974	0
973	0.0001
972	0
971	0
970	0
969	0
968	0
967	0
966	-0.0001
965	-0.0001
964	-0.0001
963	-0.0001
962	-0.0001
961	-0.0001
960	-0.0001
959	-0.0001
958	-0.0001
957	-0.0001
956	-0.0001
955	-0.0001
954	-0.0001
953	0
952	0
951	0
950	0
949	0
948	-0.0001
947	-0.0001
946	0
945	0
944	0
943	0
942	0
941	0
940	-0.0001
939	-0.0001
938	-0.0001
937	-0.0001
936	-0.0001
935	-0.0001
934	0
933	0
932	0
931	0
930	0
929	0
928	-0.0001
927	-0.0001
926	-0.0001
925	-0.0001
924	-0.0001
923	0
922	0.0001
921	0.0001
920	0.0001
919	0
918	0
917	0
916	0
915	0
914	0.0001
913	0.0001
912	0.0001
911	0
910	0
909	0
908	-0.0001
907	-0.0001
906	-0.0001
905	-0.0001
904	-0.0001
903	-0.0001
902	-0.0001
901	0
900	0
899	0.0001
898	0.0002
897	0.0001
896	0
895	-0.0001
894	-0.0001
893	-0.0001
892	-0.0001
891	0
890	0
889	0
888	0
887	0
886	0
885	0.0001
884	0.0001
883	0.0001
882	0.0001
881	0
880	-0.0001
879	-0.0001
878	0
877	0
876	-0.0001
875	-0.0002
874	-0.0001
873	-0.0001
872	-0.0002
871	-0.0002
870	-0.0001
869	-0.0001
868	-0.0001
867	-0.0001
866	0
865	0
864	0
863	0
862	0.0001
861	0.0001
860	0
859	-0.0001
858	-0.0001
857	-0.0001
856	-0.0001
855	0
854	0.0001
853	0.0001
852	0.0001
851	0
850	0
849	0
848	0
847	0
846	0
845	0.0001
844	0
843	0
842	0
841	0
840	-0.0001
839	-0.0002
838	-0.0001
837	-0.0001
836	-0.0001
835	-0.0001
834	0
833	0
832	-0.0001
831	-0.0001
830	-0.0001
829	-0.0001
828	-0.0001
827	-0.0001
826	0
825	0
824	-0.0001
823	0
822	0.0001
821	0.0001
820	0.0001
819	0.0001
818	0.0001
817	0
816	0
815	0
814	0
813	0
812	-0.0001
811	-0.0001
810	0
809	0
808	0
807	0
806	0
805	0
804	-0.0001
803	-0.0001
802	-0.0001
801	0
800	0.0001
799	0.0001
798	0.0002
797	0.0002
796	0.0001
795	0
794	0
793	0
792	0
791	0
790	0.0001
789	0.0001
788	0.0001
787	0
786	0.0001
785	0.0001
784	0
783	-0.0001
782	-0.0001
781	-0.0001
780	-0.0001
779	-0.0001
778	-0.0001
777	-0.0001
776	-0.0001
775	-0.0001
774	-0.0001
773	0
772	0
771	-0.0001
770	-0.0001
769	-0.0001
768	-0.0001
767	-0.0001
766	-0.0001
765	0
764	0
763	0
762	0
761	0
760	0
759	-0.0001
758	-0.0001
757	-0.0001
756	-0.0001
755	-0.0001
754	0
753	0
752	0
751	0
750	0.0001
749	0.0001
748	0
747	-0.0001
746	-0.0001
745	-0.0001
744	-0.0001
743	-0.0001
742	-0.0001
741	0
740	0
739	0
738	0.0001
737	0
736	-0.0001
735	-0.0001
734	-0.0001
733	-0.0001
732	-0.0002
731	-0.0002
730	-0.0001
729	0
728	0
727	0
726	0
725	0.0001
724	0
723	0
722	0
721	0
720	0
719	0
718	0
717	0
716	0
715	0
714	0
713	0
712	-0.0001
711	-0.0001
710	-0.0001
709	-0.0001
708	-0.0001
707	-0.0001
706	-0.0001
705	-0.0001
704	-0.0002
703	-0.0002
702	-0.0001
701	0
700	0
699	-0.0001
698	-0.0001
697	-0.0001
696	-0.0001
695	-0.0001
694	-0.0001
693	0
692	0
691	0
690	0.0001
689	0.0001
688	0
687	-0.0001
686	0
685	0
684	0
683	0
682	0
681	0
680	0
679	-0.0001
678	0
677	0
676	-0.0001
675	-0.0001
674	-0.0001
673	0
672	0
671	0
670	0.0001
669	0.0001
668	0
667	-0.0001
666	-0.0001
665	-0.0001
664	-0.0001
663	-0.0001
662	0
661	0
660	0.0001
659	0.0001
658	0.0001
657	0.0001
656	0.0001
655	0.0001
654	0.0002
653	0.0003
652	0.0002
651	0.0001
650	0.0001
649	0.0001
648	0
647	0
646	0
645	0.0002
644	0.0002
643	0.0002
642	0.0002
641	0.0002
640	0.0002
639	0.0001
638	0.0001
637	0.0001
636	0
635	-0.0001
634	0
633	0
632	-0.0002
631	-0.0003
630	-0.0002
629	-0.0001
628	-0.0001
627	-0.0001
626	-0.0001
625	-0.0001
624	-0.0001
623	-0.0002
622	-0.0001
621	-0.0001
620	-0.0002
619	-0.0002
618	-0.0002
617	-0.0002
616	-0.0002
615	-0.0002
614	-0.0001
613	0
612	-0.0001
611	-0.0002
610	-0.0002
609	-0.0002
608	-0.0003
607	-0.0003
606	-0.0002
605	-0.0002
604	-0.0002
603	-0.0002
602	0
601	0.0001
600	0.0001
599	0.0001
598	0.0002
597	0.0002
596	0.0001
595	0
594	0
593	0
592	0
591	-0.0001
590	-0.0001
589	-0.0001
588	-0.0003
587	-0.0004
586	-0.0003
585	-0.0002
584	-0.0002
583	-0.0001
582	0.0001
581	0.0002
580	0.0001
579	0.0001
578	0.0002
577	0.0002
576	0
575	-0.0001
574	0.0001
573	0.0002
572	0.0002
571	0.0001
570	0.0001
569	0.0002
568	0.0001
567	0
566	0.0002
565	0.0004
564	0.0005
563	0.0005
562	0.0005
561	0.0004
560	0.0001
559	0
558	0.0001
557	0.0002
556	0.0001
555	0
554	0
553	0
552	-0.0001
551	-0.0002
550	0
549	0
548	0
547	0
546	0.0001
545	0.0001
544	-0.0001
543	-0.0003
542	-0.0002
541	-0.0001
540	-0.0003
539	-0.0004
538	-0.0004
537	-0.0004
536	-0.0004
535	-0.0003
534	-0.0001
533	0
532	-0.0002
531	-0.0005
530	-0.0005
529	-0.0004
528	-0.0005
527	-0.0005
526	-0.0004
525	-0.0003
524	-0.0004
523	-0.0005
522	-0.0004
521	-0.0002
520	-0.0001
519	0
518	0.0002
517	0.0004
516	0.0003
515	0.0003
514	0.0005
513	0.0004
512	-0.0001
511	-0.0005
510	-0.0006
509	-0.0005
508	-0.0005
507	-0.0006
506	-0.0005
505	-0.0004
504	-0.0004
503	-0.0003
502	0
501	0.0002
500	0.0001
499	0
498	0.0001
497	0.0002
496	0.0001
495	0
494	0
493	-0.0001
492	-0.0005
491	-0.0008
490	-0.0007
489	-0.0005
488	-0.0005
487	-0.0004
486	-0.0001
485	0
484	-0.0002
483	-0.0005
482	-0.0004
481	-0.0004
480	-0.0007
479	-0.001
478	-0.001
477	-0.0009
476	-0.0009
475	-0.0006
474	0
473	0.0004
472	0.0004
471	0.0003
470	0.0005
469	0.0006
468	0.0002
467	-0.0002
466	-0.0002
465	-0.0003
464	-0.0005
463	-0.0005
462	-0.0001
461	0.0003
460	0.0002
459	0.0001
458	0.0003
457	0.0005
456	0.0005
455	0.0007
454	0.0013
453	0.0014
452	0.0008
451	0.0002
450	0.0002
449	0.0005
448	0.0005
447	0.0003
446	0.0004
445	0.0004
444	-0.0001
443	-0.0004
442	0.0001
441	0.0005
440	0.0006
439	0.0008
438	0.0014
437	0.0018
436	0.0015
435	0.001
434	0.0009
433	0.001
432	0.0007
431	0.0003
430	0
429	-0.0006
428	-0.0015
427	-0.002
426	-0.0016
425	-0.0012
424	-0.0012
423	-0.0009
422	0.0002
421	0.0009
420	0.0002
419	-0.0005
418	0
417	0.0007
416	0.0005
415	0.0005
414	0.0013
413	0.0017
412	0.0009
411	-0.0003
410	-0.0006
409	-0.0006
408	-0.0012
407	-0.0015
406	-0.001
405	-0.0009
404	-0.0017
403	-0.0018
402	-0.0002
401	0.0012
400	0.0006
